 udens:  18.6085153
 utime:  897.421853
 uergg:  1.4498727E+11
 uergcc:  2.69799784E+12
